# Column-00 -->> x coordinate of Galaxy in cMpc
# Column-01 -->> y coordinate of Galaxy in cMpc
# Column-02 -->> z coordinate of Galaxy in cMpc
# 
8.901680914326641769e-01 -1.766398164706207696e-01 4.785582719846280808e-01
-2.221620540168988800e+00 1.222427518405961866e+00 1.009317027371052555e+00
-1.234120458456817726e+00 1.159305742954922058e+00 -1.498721526315461627e+00
-7.819102615849195942e-03 -1.256260400098093921e+00 5.503749255689214248e-01
4.642080504124356244e-01 8.162570488877141095e-01 -6.929525388876429659e-01
9.964099644321731120e-01 -7.786406739182774039e-01 3.708624812373832125e+00
2.222491897657098647e+00 5.073106745171913623e-01 -1.883072806359759391e-02
-7.768466958888980978e-01 3.122916780301853157e-01 5.467934883661225154e-01
-1.093490711274640592e+00 8.052708935205643570e-01 1.978206481340460288e+00
1.465860200219945284e+02 4.162654281928824673e+01 -1.205610037724706274e+01
1.069234108653274395e+00 1.504280490810301352e+00 -4.865669524154270231e-01
-1.069458072600559945e-01 6.163323223217452851e-01 1.090476471523635027e+00
-1.197531612326075567e+01 -4.427105654725275730e-01 -1.227571166648985912e+00
-1.748828835913832203e+00 -1.015987619063376712e+01 3.096689366825355005e+00
-1.217642806082619433e+00 -1.645852823077821325e-01 -9.061183771377454010e-02
3.543353956416473949e+01 1.496006169289622534e+01 8.206457173192898580e+00
2.867783906114504511e+00 6.216217764689140335e-01 -5.458264539335846433e-01
5.358557678829715121e-01 -9.798883013959563959e-01 -4.842126026651746296e-01
1.123068397307636967e+00 3.550147644856774254e-01 -9.048742655200088247e-01
6.178760217560942403e-01 1.612512949265914930e+00 4.938079922399585819e-01
-5.553629906146889672e-01 6.201193969243538051e-01 5.540973580641623819e-01
-1.766177823502722344e+00 4.118011012639096968e+00 -3.021395820188959913e+00
-1.154417424858979579e+00 -2.801134008909992104e-02 -6.298982535362490642e-02
8.955378980130438427e-01 7.308498086763410839e-01 -8.998290717059648225e-01
7.550534713736405390e-01 6.480043805465455220e-01 -7.411164313332418985e-01
1.078260301653331865e+00 -7.563849215147611105e-01 3.116085089848109613e-01
4.930324247093572865e+00 -3.742793515949425220e-01 3.572176896753773701e+00
-6.855897146299402278e-01 4.927194645927188699e-01 -8.562096741079407991e-01
7.864974946065641515e-01 1.420419014569393790e+00 1.431235903799733089e+00
-4.586568484005897339e+00 3.007354574641660339e+00 2.035941823761204805e+00
2.136411105183752213e+00 -1.398757780189860522e+00 -1.125952883073944255e+00
-2.467691900254863402e+00 3.580337450846292069e-01 1.505970413061265001e+00
9.873999377483220208e-01 9.282572963373308950e-02 7.446067325311845897e-01
4.916074295451023368e-01 -2.048090899218276029e+00 1.655672594234042672e+00
1.532487083043824638e+00 1.009028387190131527e-02 -2.544289517277149137e+00
-3.881281633656372243e+00 -9.799459219899146589e+00 1.611497761876313772e+00
-9.281517031442042764e+01 1.178329850404137886e+02 1.022789872675351575e+01
7.584432148791371731e+01 -3.389919322366845478e+01 -1.267467216984078391e+02
6.402997942972291634e-01 4.509635282575104043e-01 6.218103164184907161e-01
7.761617253392456561e-01 7.726495478735350142e-01 6.568864669371564657e-01
9.202782181034677711e-01 9.045904415407470811e-01 9.352889391828222987e-01
5.303292797727530150e-01 -6.003501438055085515e-01 -5.986071832582852137e-01
-6.520156889569251746e+01 1.324182876748506885e+02 3.330225413806672918e+01
-5.313087011780839219e+01 1.338355261685292135e+02 -5.968301074884677426e+00
-3.843723564067322851e-01 -1.491925389038746830e-01 -9.110430714108701533e-01
-3.136022683836460767e-01 7.270167579877803155e-01 -6.108193275180221482e-01
-6.329839729303387008e-01 -6.787064792010679692e-01 6.702797236856646856e-01
4.093114214992460376e+01 -1.667117473193584942e+01 -1.354629705363633718e+02
3.884687113548090043e+00 -7.617867911743700482e+00 -1.491962711125495833e+00
3.489672056577790560e-01 8.488563977241138092e-01 3.970701517594117380e-01
1.538085069965235835e-02 9.796961337450074137e-01 3.625817289583565528e-01
-7.182921113264685298e-01 -1.270624546952057177e+00 4.516024498300948431e-01
-9.497961036432190696e+00 -1.066151571404998144e+01 -2.527901508257627583e+01
7.053682362852967125e-02 -5.287073157367571108e-01 8.893947698207158581e-01
9.755271730864493174e-01 1.416831007409647958e-01 -1.681446803630322895e-01
-1.276610784093693329e+00 -5.211153197485995925e-01 -6.832299946599678098e-01
1.084613642898527575e-01 -1.318259604965067999e-01 -1.681878670656954622e+00
-1.602473761017577936e-01 9.555801451624376108e-01 -2.473607984783292857e-01
-1.257122481431990622e+02 -8.110092287060247429e+00 -1.159099914365181547e+02
2.116412316961620910e+00 1.356749052808976685e+01 3.686102566439421580e+00
-7.709924499256987085e-02 3.312540642265415225e-01 9.403863309060664921e-01
-2.213923205746438222e-02 -8.775123336794791173e-01 1.023279401493454310e+00
-1.001198347225480134e+01 -1.161748917088739752e+01 -4.391783371217014675e+00
-3.057388232844726605e-01 -9.187011564560106924e-01 2.500239129823677575e-01
-7.949394022477732080e-02 -2.337426803242979023e+00 -2.727384336010354460e+00
7.413132053691663259e+01 2.936939190840050617e+00 -6.107562250361941381e+01
6.459758306240931391e-02 -3.863844974271390509e+00 -2.611313039082646892e+00
8.519279686428747889e-01 1.034601390022477085e+00 -8.340373558108209462e-01
6.503993600531936536e-01 -1.839921112335093589e+00 -1.501254425529570113e-01
2.459770250514965173e-01 -1.311283041208404887e+00 -3.079139131198955770e-01
-6.067920328356460891e-01 1.988559778323568894e+00 -1.346549624819526336e+00
-5.609066037137767857e+00 2.270012411385626372e+00 4.357175389961336798e+00
-1.085792176125971800e-02 -1.196647524539695695e+00 -7.658195188169085732e-01
-2.070756373929835359e+00 5.925350258858246288e-01 4.696267176734421345e-02
8.548706352328569458e-02 5.126935570167557854e-01 -1.213429259272839511e+00
-1.796956478731629225e+00 -6.523337973428217085e-01 2.012854905274880313e+00
3.425263760254706025e+00 3.514118124976240987e-01 -1.283277980755144210e+00
4.671547679707899747e-01 -9.139224025019682118e-01 1.858256746352830557e+00
3.933143188323325323e-01 9.231616624952655448e-01 2.394369550394739310e-01
3.499756429915876765e-01 1.421782412706376508e+00 -1.032255955447642037e+00
-3.897380860624735988e+00 -3.025410919005378396e+00 3.116719928885784974e-01
2.010737497786845740e+00 -1.667498664621827331e-01 1.296867651228482465e+00
-5.690639332630899327e-02 -8.677185242938073584e-01 4.937876314732565497e-01
2.722636938199731560e+01 -2.432920165699536241e+01 -5.575956531507197056e+00
2.988353901813412961e+01 2.877346726993172865e+01 -5.093292983531878093e+00
2.549042918673464775e-01 -8.780792492366793489e-01 -7.020598554666417357e-01
-5.943357756437890327e-01 -7.928675801591317240e-01 1.346327824955670105e-01
9.731651498373976306e-02 1.899733635167772272e+00 -5.082152563335599060e-01
-3.854970844379139727e-01 -7.688858486089823474e-01 -1.159767015675471580e+00
3.951119464768665379e-01 3.068416353386577144e-01 -1.850248279114997230e+00
9.948955963709643413e+01 2.855204402892668636e+00 -1.126122503857996833e+02
9.679586548742451058e+00 -1.123149963426828180e+01 5.348392179663887802e+00
-1.471481241183368871e+00 -7.419365090719499678e-01 -2.075045959951758334e+00
4.817838039457862465e+01 1.033910738124256881e+02 9.244796626112226079e+01
9.268572412592247511e-01 3.748339894737445221e-01 -2.085988160407500902e-02
6.242251868512352253e+00 1.120933598219091110e+01 4.227630361547838334e+00
-3.284385543566180621e-01 -1.844230100996379518e+00 3.471142749964942209e-01
-5.103879406093130289e-01 7.909075252355278751e-01 3.375935968089400774e-01
2.244996904540770721e+00 -9.672479636604559561e-01 -5.976791804132850494e-01
1.343778939967445352e+00 -2.112375245890923403e-01 5.911711910154221483e-01
1.766787073662078766e+00 1.326189739614754171e+00 -1.256226026312638133e+00
8.325057736494532179e+00 -3.598415509616946562e+00 4.508446549774808965e+00
6.588175919850310924e-01 -7.745935478868986035e-01 -8.486592269731981775e-01
1.335251094493476121e+00 -1.126407649451564241e+00 4.259271591596238138e-01
2.547898149690264091e+01 1.633208604043736614e+02 -9.936509520402181384e-01
9.156274300454456672e-01 -1.451947990873599936e-01 5.043401316413006485e-01
1.486498899897503501e+00 -1.506687932715407463e+00 8.210377008348457295e-02
1.663696424871810298e-01 -2.999392468600526884e-01 -1.762658389391370539e+00
1.985414497349380802e+00 -1.569116564178816009e-01 -2.799025856482670882e-01
-5.303608453555627156e-01 -1.113100605363750856e-01 1.369947043871271752e+00
1.035967413961082384e+00 -5.971158000904726038e-01 6.196643380029769332e-01
9.043745483410154051e+00 2.918081431622430166e+00 3.577636394177847734e+00
-2.696307326022125417e-01 -1.026455839751463595e+00 3.545333788570159683e-01
-2.825216849099689842e-01 -1.167025616900797313e+00 4.452341137337628929e+00
-1.097826936788148231e+02 1.476036632451344666e+01 -7.075734361199309319e+01
-6.909026044781209075e-01 -5.567053111271614840e-01 4.612296474514183675e-01
7.246593635289888091e+00 5.251572142145847444e+00 -2.268043526082688111e+00
-2.530359703571454788e-01 3.085625891949615451e-01 -1.423905297400539283e+00
4.300016312956238096e+00 3.548018795093203170e+00 9.203582653260344415e+00
-8.512324362288763435e-01 -1.387697297071933678e-01 -5.061089819681571234e-01
-2.296568791096633699e+00 -1.805796487858231325e+00 -4.390130508675595400e-01
4.598339522076455133e+00 -3.809273198234445434e+00 -3.072247617525194485e+00
1.282997752370969806e+02 2.425187765644119153e+01 7.171517264858607632e+01
3.185984233811198774e+00 -4.148015856387585742e+00 7.921169253374777952e-01
3.907128429783457335e+01 3.230583996280022063e+01 -9.523612764470685832e+00
1.690653535925845663e+00 -3.613491484466180292e-01 -4.014253075388483638e-01
-9.364498151998540720e+01 -2.131544437116800950e+01 -1.191682580789173471e+02
1.095827206815433819e+01 1.341671596596109239e+01 -1.519468440005043064e+01
-1.025626677007436705e+00 3.770897128040764379e-01 -1.146938009802461966e+00
4.802659512607555525e-01 -1.000591844178874812e+00 1.524926431192110410e-01
1.130623742622201711e+01 3.158257930121899815e+00 1.856983799287371228e+00
5.312787753484015107e-01 9.131634200686186142e-01 1.770713762363859356e+00
2.151955888390153948e+00 4.440308825170117046e+00 2.996171600334308849e+00
-5.326178261156736760e+00 1.018709121762256808e+00 -5.900747404526947015e-01
3.295790837201096890e-01 3.136691430141862469e-01 1.222147333526749646e+00
-5.200677496126534516e-01 4.737840837105375402e-01 -7.106744527808754874e-01
-4.298369837148446670e+00 -2.160689926383705384e+00 -3.415263974433038197e+00
-4.722871604433702686e+01 -1.023482170955352473e+02 -7.046847033240193525e+01
1.043009989334495319e-01 -9.947362099549786896e-01 -3.854973594920901858e-02
-7.984528456242930838e-01 -5.832819479933953888e-01 2.624607064972124815e-01
1.988838526304950172e+00 -4.169929048387428061e+00 1.082019877151065046e+01
-5.190903024793056542e-01 3.504224527807669465e-01 3.989526787485847770e+00
-1.358269044680542548e+00 -3.461869323158989431e+00 -9.021237474506077492e-01
-7.969155312811950775e-01 -1.355961009433105824e+00 1.254965847191033268e-01
1.102843928742230473e+00 -7.795718777782127962e-01 1.216884825136407278e+00
4.009086463578452331e-01 4.105626458958739899e-01 -9.059902124695586867e-01
-1.685881584179663717e+00 -2.526640059131669780e+00 1.667776217312447462e-01
-4.511177083792267339e+00 -3.828390066284334203e+00 3.000670051825809481e-01
4.101559009951883183e+01 3.155223479390192054e+01 2.770787294615882246e+01
-2.440038819715046436e+00 -1.598484306532383659e-01 -1.297402803947884431e+00
4.253612578600539096e-01 -2.082016636627582962e+00 -2.441122080402941208e+00
-1.454198850867884696e+00 -2.168558509953225633e-01 -3.199386519005739338e+00
-3.572268836290216143e+01 -1.311347220484708771e+02 8.754561291476554175e+01
6.743654157349648903e-01 1.042399236913523985e+00 3.290179284432391271e-01
-5.302692151800300624e-02 2.538016447801016984e-01 -9.896891577687325636e-01
7.267134161190541564e-01 -2.759033398228793565e+00 9.461040005026573496e+00
1.791606910771629702e+00 1.057174504922995473e+00 6.229814359591667738e-01
5.368861504226566694e+01 -1.313078768756144825e+02 -4.019539976168238837e+01
6.346721305208374853e-02 1.500229528847631499e+00 -5.560786569830836745e-01
-9.208738498101796122e-01 -3.682767057678256184e-01 1.279203686852758981e-01
2.271501001499040839e+01 3.404678731499782884e+01 -2.048347703497653072e+01
-7.360017509482595921e-01 2.909094313210138782e-01 -6.112880870502716002e-01
7.039593802430132996e-01 6.248049627434670850e-01 -5.124217577732378404e-01
-7.139935488883580872e-01 -1.102330243970249257e-01 -7.429762030880303625e-01
-4.160241819767676930e+00 9.362504928277927130e-01 7.447274575190135693e+00
1.072203252193387897e+02 8.136835482978575840e+01 7.163792951110730201e+01
1.180128396438924767e+02 -7.362198542650988031e+01 -2.714879515410461153e+01
-5.026891792007158521e+00 -6.798480317171274878e-01 1.287453376564037466e+00
5.425263628162880103e+00 1.684995664722734654e+00 -1.009864486473025380e+01
6.974327958049606480e+00 -6.331999148671563660e+00 5.105753628222090557e-01
2.200060532828524429e-01 7.486056371895556394e-01 -2.215574850814963970e+00
-8.485454193070004481e-01 -1.344462735937690834e+00 -6.407087444040979740e-01
-3.398171433538169084e-02 9.772958860478585530e-01 -2.091363053244448822e-01
-1.464095658492247320e+00 5.093012876436904535e-02 8.299448995448129862e-01
-2.241095738609859467e+01 1.862365555540348083e+01 2.063339706648165350e+00
4.043826450617002166e+01 -1.328210206044087442e+02 1.097500483900951807e+01
1.545588746819567660e+01 1.332060236239199824e+01 -8.861557496258694044e+00
7.344115775053726480e+00 4.348058116892907776e+00 2.662748223836739481e+00
-3.073806998687155456e+00 -3.485621837626439179e-01 2.399705321691607995e+00
3.429223691649278538e-01 3.936875081251796971e+00 -1.021470735483639841e-01
-2.418977369997873161e+00 4.795170541332656633e+00 1.041988542616298830e+01
-3.985536649857751801e+00 -3.739120724529727546e+00 -4.139551884999256970e+00
-8.375793905120826333e-01 2.266044105998443747e+00 -3.916358841508476574e-01
-9.535750300294412174e-01 -2.933836854982061482e-01 6.295539084824086640e-01
8.952227011480679356e-03 -9.834310500494016782e-01 1.812006770622399454e+00
2.827335432534646142e-01 1.040767512338881540e+00 -2.355316987945164364e-01
1.285308545501162580e+00 -2.679831989840702366e+00 -2.115207246975057132e+01
4.824557188949156306e+00 4.580686224176998778e+00 3.864334827878864731e-01
2.193907639204340843e+00 -4.114484147814444270e+00 -5.212435262417467463e+00
7.481794679410271875e+00 6.914013580065452302e+00 2.498899641822726281e+00
-2.562939614758837359e-01 2.871276527063724604e+00 1.629962859473990999e+00
3.422538986794775528e+00 4.584454522227746409e+00 -3.822251866578562307e+00
7.825594422808802575e-01 1.041689479560790277e+00 -3.365826033383043203e+00
-3.309436427445309192e+00 -7.066747881368342643e-01 -3.196710126187172346e-02
1.576994423352828578e+00 -2.339550279035943703e+00 -1.660987838264864402e+00
-4.327827584746941625e+00 8.901162890283037754e+00 -2.177547019812335893e+00
-8.824509685511455759e-01 -3.997945106586944797e-02 4.687023912842954165e-01
8.488956527104221550e+00 -5.132820417726679629e+00 1.019795112002486626e+01
-2.036926014228901682e-01 1.075520093839213320e+00 3.446584970627675770e-01
-1.655443382720759526e+00 -9.341953872627138944e-01 -1.211021951560726340e+00
-1.014032779774452422e+02 2.108164478107351414e+01 -8.466475532287907413e+01
5.139617608864249787e-01 -1.500362955469895621e+00 -6.243510171045827395e-01
4.928532832723598323e-01 -3.961267695154794488e+00 -2.806537322846643256e+00
-5.455740054125288729e-01 -1.907466509172253688e-01 -1.322927741665893997e+00
1.006486320908678067e+00 6.366242731347052652e-01 7.210576916167119599e-01
7.225208152683318952e-01 6.478712882561795672e-01 -2.413016066197311571e-01
3.771863895554872670e+00 -1.423199959511677193e+01 3.132823633321720092e+00
-1.140960782602277668e+01 8.011241811909917132e+00 1.048284878078444748e+01
-1.253748299336737038e+00 -4.896134248993083138e-01 4.764255438650196184e-01
9.872110927442122597e-01 2.023355907682707344e-01 -3.421332467904121266e-01
5.909090348897427347e+00 5.976003524394125854e+00 -4.965227475180364891e+00
-1.388623068717874958e+02 1.347552707052414789e+01 -8.306857285057633078e+01
-6.657973857666071860e-01 -1.201535829502074382e+00 7.162610952498450478e-01
-4.646760066504389552e-01 7.312721742463360597e-01 8.382986845044886337e-01
-5.720528863889248328e+01 1.073171977776283512e+02 3.687793335672479600e+01
-1.129303042688670899e+01 -3.114769362013073195e+00 -7.439007636443586868e+00
2.602389987018164930e-01 -6.363456260133207865e-01 -7.261817319434514806e-01
-4.235060655548624986e+00 4.552294524806013709e-01 -1.076953024257178981e+00
1.101833859475746635e+02 -6.591548892590196829e+01 -3.182710844437346509e+01
-1.695741595509076882e+00 3.416645539219950178e-01 5.885911530906425826e-01
-1.472107578604478206e+01 1.091917259927420147e+01 -2.025713376610104532e+00
1.101960009204245416e+00 7.233782248777713697e-01 -7.126874557343051420e-01
-3.394588790652169341e-01 1.146710521409378014e+00 2.199657763200886684e+00
7.587813553953584034e-01 -1.616874035047928260e+00 1.616970012999044304e+00
-8.638285528711305972e+01 1.259063917448711862e+02 8.140626208946100917e+01
2.149024086453679150e+00 -3.403052107613064453e-02 7.002745268072976259e-01
1.594474914210986682e+01 -1.770970585742209114e+00 1.119747601452462149e+01
-9.338849622506950610e-01 -5.737711598477402974e-01 -4.157879552955739966e-01
5.031048989925660520e-01 -7.088152467838584325e-01 2.938553237266230411e+00
1.935581238654839886e+00 -1.345878746124488323e+00 -3.403456637295241838e-01
-1.944916120163020956e+00 1.752228046725221233e+01 -4.757615926618102842e-01
1.184447705213150499e+02 1.520338291617655990e+01 -5.032863078667201506e+01
-9.777825767497615450e-01 1.504885787741802261e+00 4.454418478027494799e-01
-7.629571685415953430e-01 -1.018911783880984377e-03 -1.519864871260817596e+00
-6.695277757329297641e-01 1.051095974637438646e+00 -3.252085304546741829e-01
-4.203621941086025937e-01 -4.374743976066789997e-01 -3.967194501787438377e+00
2.925279409459932145e-01 1.630910971436643209e+00 4.002854510359883378e+00
-5.116725674730356133e+01 -5.719995663637441830e+00 1.263519446577520569e+02
9.515076074429238417e-01 1.265973681592604372e+00 -6.735692471092312728e-01
-1.563532631331007678e+02 -2.426635047243590293e+01 -3.440024443576094271e+00
-1.136279729774466229e+00 -1.994668683493745487e-01 -1.602813421167202657e-01
-9.490630425951860349e-01 7.081123519207394024e-01 2.439039743473611910e-01
-1.702795477455600448e+00 5.133779428916792620e-01 8.525696840389671571e-01
-1.251522552636040508e+00 2.162565180211247995e+00 2.358395706012420767e+00
2.210942004011430539e-01 -1.455629538508293797e+00 -1.595354393817952188e+00
-6.582463272242537744e-02 -3.447571509252963295e+00 6.025989064333633349e-01
-7.428671732100068370e-01 -1.693625330352090064e+00 -6.743215329378845491e-01
-1.220561022239662119e+00 2.824249299627064613e-01 2.025710668348240096e-01
-1.750269715337544052e-01 -1.803456713409158807e+00 7.651472151754571405e-01
-6.212329354017337835e+01 -4.021331585874323622e+01 -1.462733201185070868e+02
1.774092546791253833e+00 1.118936744279845019e+00 -4.285200881644719018e-01
-7.922069365446610334e+01 -4.092119388291096271e+01 -1.355502938732380755e+02
1.195869398836931374e+01 7.233363376107026177e+00 3.540967399245499792e+01
-8.300023453059249823e-01 1.278985099391561353e-01 -5.428978522171621357e-01
2.442821220187190168e+00 1.561189670262949969e+00 2.594865248890858123e+00
-1.534679196918132371e+00 1.004151689619949162e+00 -5.852982436595958182e-01
-5.920547482594576394e+01 -1.319030659700585772e+02 -3.063396464996079871e+01
-4.276331939209086080e-02 -9.801420403402769654e-01 -4.930121581872333736e-01
2.589322199943778768e-01 -7.847848472846989942e-01 5.630868928692220887e-01
-3.641899457476142077e-01 1.556986790927428421e+00 5.543438702033365306e-01
1.107961507896211506e+00 -7.952736429280294894e-01 1.748602506357480824e+00
-4.287193171559239291e-01 -1.864830500939668845e+00 1.040919756871673679e-01
-3.980120666973407939e-01 -1.134855742576507787e+00 -1.035149333866604460e+00
1.338686229567559671e+00 9.675731102366780245e-02 -1.097588051293547862e+00
1.948281000542513519e+00 1.172971368889299981e+01 3.232510922521293129e+00
2.342415839553880497e-01 1.931329483327086205e+00 2.548605853573639557e+00
9.569888239413811837e-01 -3.787137972870980307e-01 -2.581787652975264247e-01
-2.842796462358052167e+00 -6.683387896548151019e+00 1.071057726826502687e+00
5.531162492785067109e+00 1.617211462429499980e+00 3.370242952088801092e-01
4.359220921325358766e+00 -1.317272833157303591e+00 7.693184988095179699e-01
-2.505587895351145122e-01 -1.559736510854909053e+00 -8.713666940124238369e-01
-9.542315963329748296e-01 2.622312437844303901e+00 -8.635323850395021372e-01
-5.214070181394198089e-01 3.804147837363556217e+00 -5.675956560193460732e+00
-9.512601493389375440e-01 -1.226255099320666897e+00 -9.398611966640815774e-02
9.170492591790079473e+00 1.338010545028948783e+01 1.503327850106883723e+01
4.753379526650561848e-01 1.482172174709169399e+00 -1.894672878500387458e+00
-1.947997959563785575e-01 1.375568785532693683e+00 -4.346085085002412279e-02
-4.468250836440064688e+01 -5.346219211698322482e+01 -1.448567174506760864e+02
-2.878468281477505331e-01 5.506595837725858367e-01 -1.120968201143579757e+00
5.769396080713602437e+00 9.418892386011016526e+01 7.183737112583983730e+01
-7.654895947565339143e-02 -6.848756135278164514e-01 -7.246279395649133370e-01
-1.618766958232901454e-01 -1.039213270272598022e+00 7.744865001343133049e-01
2.775456441638752408e-02 -2.056857812391820195e-01 -9.782244341407977384e-01
2.601709812318642179e-01 3.045336403168648065e-01 -4.093185735510586731e+00
-7.600565836562905853e-01 -6.481936739338473030e-01 4.646451025104470639e-02
1.896409413669579935e+00 1.840629524979221054e+00 1.358756344944337391e+00
9.297752291895319265e-01 -2.104902221081658698e-01 6.309780418844899152e-01
6.672260632337402297e-01 -5.093045542847357554e-01 5.435239199211305827e-01
9.806389670975504957e-01 -8.683706682199724899e-03 -7.919446879513230009e-01
-1.774587013019888193e+00 3.232652459857096039e-01 8.082264497789835023e-01
3.608159930649915692e-01 -6.982757140333247792e-01 -1.053771518224446924e+00
-1.671801726649526865e+00 -2.177090990984704988e-01 -7.921956544130734912e-01
9.224542725634344853e-01 4.935968944177434592e-01 8.055923637035922180e-01
5.013266482566146598e-01 1.652120094901963432e+00 -3.935510326432971051e-01
5.695957305398682280e-01 3.473459496231999510e-02 -9.167471570535018488e-01
-9.399356901557229804e+00 -8.102987097482388990e+00 7.725321585832261029e+00
6.613073632660488865e-01 3.690920561248546061e+00 2.527285111487723057e+00
5.728872172955186137e-01 7.673794557047399767e-01 1.463460354777822214e+00
-8.367031903487821554e-01 4.107658807957943470e-01 -3.622142493528172635e-01
8.598330634205506584e-01 -4.871479435887934306e-01 -2.818188174101057819e-01
1.961702689110486730e+00 2.578637247716474068e+00 -1.814630563366573579e+00
-7.699375888996939921e+01 8.785179185577410976e+01 7.020325521035650240e+01
2.518984350253415272e+00 -1.932961484867453672e+00 -1.313001953010508149e+00
3.932368679322577609e+00 1.261298898331808527e-02 -3.294751766032919083e+00
-4.247774376664851914e+00 -3.452256366121547515e+00 -1.867600237511414241e+00
2.012879815721395627e+00 5.658464070015805092e-01 2.966797821979803018e+00
1.034591777298886184e+00 9.861755725258808392e-01 1.042275543855605058e+00
5.740175550491322110e-01 -7.184608119122458669e-01 3.928331811874004043e-01
3.273934154770887339e+00 2.029055901099602099e+00 -2.096960245254910760e+00
-1.057652012296912636e+00 -2.616369915361600462e-01 6.019235002835623405e-01
9.905213629662110719e-01 5.368973506109853133e-02 -1.264311743860213610e-01
3.129113680958597143e+01 9.865755192110461280e+01 -1.536010530680693194e+02
-6.572893270074037275e+01 -2.047451293794960847e+01 -1.835503681771444562e+01
-4.168335629770064110e-01 -8.022721526950541415e-01 -3.633328844990318274e+00
1.313350296416900598e+00 -2.857912647307148113e-02 2.694392466039619904e+00
9.659039299905352038e+01 1.260998314433378482e+02 -1.066675072004485791e+01
8.857241433335130409e+01 -1.102437895255861804e+02 1.040163931814071141e+01
8.330755888997339653e+00 8.325829242162122057e+00 2.768486981480027254e+00
-5.627724692487118929e+00 2.983838147465379453e+00 -3.613989288423150814e+00
-9.739283393707639513e-01 -8.740809711693862255e-03 -2.266874235948920235e-01
-6.030923790550647423e-01 6.473800253957961992e-02 -7.950399822354140555e-01
-6.453014330170953272e+00 -2.960728377020368507e-01 9.041815799437605605e+00
-8.096004220989894140e-01 5.320877056863605459e-01 -2.478504185886384326e-01
1.296635586375704641e+00 -4.590774085633943513e-01 -7.781418181483447105e-01
1.894727693766802501e+00 1.125949372540639315e+00 1.459071519642292980e+00
4.906910783401184517e+01 -8.028531229402304348e+01 1.359787181248906336e+02
-2.644462928760894505e-01 9.793086537964715843e-01 -8.546637299863200921e-02
3.543219089067411787e+00 6.895361341608020389e+00 -4.950126216430409953e-01
-8.062471356528012612e-01 -1.112282021265394549e+00 -1.459866632430666833e+00
2.588148174798980961e-01 -2.722861691630130032e+00 2.243721309283509324e+00
-8.877021035555843209e-01 5.220151417870957378e-01 -8.299839619092362897e-01
2.678944665927972535e-01 6.585523855906872948e-01 -1.487305741052716401e+00
-4.677991097938071219e-01 8.437331920430101162e-01 -2.632077003452494290e-01
-2.818670040668614973e+01 -9.603702764567655592e+00 1.554319632785966689e+02
-3.492133843197630649e-01 -3.695493077672156595e-02 -9.363142342735291113e-01
1.340088929927191543e+02 2.782078492900841482e+01 4.969449488972281159e+01
-1.131522957190282952e+00 -6.315890338170188079e-01 1.324942853619812677e-01
3.497152837740814535e-01 9.311330744924407599e-01 1.033944770336808344e-01
3.868322758354182933e-01 -5.018653797562289132e-01 -7.736226024193754158e-01
1.583613139019744320e+00 -2.268854413544167059e+00 -1.875950154714226992e+00
1.396042613482226247e-01 -9.047331893289543014e-01 6.698220490015927009e-01
4.585547229309390183e-01 9.558227291672641845e-01 3.186103163484614309e-01
-6.922458676185824222e-01 -1.200046540359830799e-01 7.116140398943096024e-01
4.378189499752088154e-01 -1.061057721198323867e+00 2.510632417039296294e-01
-1.838871583592785131e+00 -3.484967097912145206e+00 2.009022282727312092e+00
-2.366289217073458684e-01 9.715196747040253378e-01 1.250100294391133862e-02
1.186699983543636705e+00 -1.442002495693147424e+00 -4.116478193353024367e-02
6.889835399167729690e+01 5.264380318488645827e+01 -3.090685779560267576e+01
-9.980459404619780317e-01 -3.404524606525184960e-01 -3.645288089457283248e-02
2.101447332359128595e+01 -4.162318108747153644e+01 7.288548684306157099e+01
-7.064462935492976214e+01 7.910539521679184816e+01 -2.945530136432465795e+01
-3.405920448101221742e-01 -7.285844260680750528e-01 -1.794001760116152644e+00
4.944717016840709967e+00 1.437317825737317145e+00 5.474421419090506724e+00
-1.494091260904117391e+01 -3.844572350671224825e+00 2.352754200574934451e+00
-8.235760480479977774e-01 -2.120572897109003208e-01 5.260743283625510802e-01
8.944952999099217150e-01 -1.874348646454564449e-01 9.487859033284127275e-01
1.216070464770335207e+02 -4.875652318253780493e+01 -1.519498762385449986e+01
9.346371766411034621e-01 -7.871437164816020848e-01 -1.030381496975689926e+00
1.577022179387536527e+00 -1.282407464796313956e+00 -1.201310267914893481e+00
-9.850370074509858398e+01 -1.004464345600055566e+02 -4.826439751818059420e+01
1.326549239069692909e+00 1.271131262710919918e+00 1.993072272838207537e+00
3.363632877998680382e+00 -6.990120411759571661e-01 3.784471399906027766e+00
1.639021886418723151e+00 -6.461850912453908080e-01 -8.925497771318214868e-01
-5.211659612120395302e+00 1.409282286476180313e-01 3.952761418576038910e+00
-2.591958562918565967e-01 -1.107615712603765346e+00 9.194281673107865815e-01
3.779366334499228985e-02 1.022957154071684860e+00 -5.418295510865387410e-01
-1.173910122385595778e-01 1.174428977281054109e+00 -2.974293541636904292e-01
3.113455559961561647e+00 2.326352593679211100e+00 2.837188414843806683e+00
-9.523638563803949353e+01 5.020450659134016291e+01 -5.212525528788836482e+01
1.018962014273930294e-01 2.800709458680046213e-02 -1.929391793630089280e+00
5.319881602886175065e-01 8.465123502133519162e-01 -2.013549723745688622e-02
-1.829945623478520730e-02 3.237940723727463221e-01 -9.459505952203761669e-01
-6.786229704150513742e-01 -8.816185954901711863e-01 -7.573271751179996292e-01
7.783901459067196216e-01 -1.495205395944000148e+00 1.239953631262553646e+00
-5.248478287112351381e+01 -8.834676337927307088e+01 -7.600498606858973005e+01
1.483834000829755695e+00 -2.254605677090063764e+00 1.910688707284978083e+00
9.306267362289409872e-01 4.983875726811627660e-02 4.190222044938464174e-01
7.876306995121225896e+00 -2.379518160064587606e-01 4.824927723239922916e-01
-1.237482353739532415e-01 9.620235424910884570e-01 -2.433044963306875974e-01
-5.456808943942573764e-01 -7.654142857062048444e-01 6.346352209059629157e-01
3.366922703246476800e+00 4.883085949097209166e+00 6.995358368488155065e+00
-1.753425943488342797e+00 2.767153448010037931e+00 -4.812418624131942657e+00
2.454148896059217488e+00 5.469841258595365296e+00 9.334899613936348928e+00
3.556616608461927598e+01 9.651296477286047448e+00 -3.044172474930752492e-01
4.172632897545264008e+00 -1.498437608705527957e+01 8.351892731655418345e+00
-5.182528480530054216e-01 -4.012171735617787505e+00 2.145955238336863413e+00
6.583001319599297574e+00 6.254289188532171639e-01 3.933881850828011117e+00
-7.663659270697341375e-02 7.054126315744341236e-01 -1.053511729833854549e+00
4.602831610643844940e-01 -3.281709385956419478e-01 -8.248898391311614287e-01
1.816304302793866343e+00 -1.132503668395943297e-01 -1.066531011751729707e+00
1.984307088579728884e+01 9.308470672372532562e+00 6.611216847928473861e+00
6.114681199864807626e-01 -7.811086754741124460e-01 7.448876645573212496e-01
2.872189478552728548e-01 -1.166030965429912580e+00 -4.129146741725375769e-01
-1.349757592249175353e+00 -7.876772163118007652e-01 2.895720178410622278e-02
-3.519999167646256644e-01 1.019629729630745940e+00 -3.508422396064935223e-01
-2.975066248088499954e+00 4.865982345152884414e-01 7.791278297441488476e-01
3.028175413170286134e+01 -1.226108527063609586e+02 -2.674759865208302756e+01
8.258916615413873785e-01 -1.045079435842795612e-01 7.186158815515278908e-01
1.067550031191781199e-02 -1.216358330913567487e+00 1.048913986355379357e+00
6.608788082181893841e+00 -6.230117985321855123e+00 -2.187751904930705926e+00
3.988285580012823850e+00 5.566344215160246911e+00 1.028560508281289465e+01
-1.281409006515225935e+00 -7.989934096336414049e-01 -2.502289353727192855e-01
-2.044088524262514994e+01 3.629306936425708563e-01 -9.955326562166053606e+00
7.064903383156826422e-01 -2.468032768418505496e-01 -6.632944628192799508e-01
1.447469734371054306e+00 4.799107321226239176e-01 9.039455709580483667e-02
4.418375739096364746e-02 1.377957777151946006e+00 -2.539205907869918066e-01
-3.220059842925329652e-01 -1.054133138887182852e+00 1.171378671305213004e+00
-6.938557834217299325e-01 -2.978661170099048405e-01 1.552198767569125781e+00
5.725954568283448537e-02 -1.050562978955301152e-01 -9.928164577104274802e-01
5.904380185287978478e+00 1.021426340027942414e+00 1.353683683609782307e+00
8.319093711643890110e-01 -1.317136292921464724e-01 5.390531680897180378e-01
1.612254785802052615e+00 5.244693430050400423e-02 -2.175168482699349592e+00
-1.415582082840662537e+01 6.943816741235669276e+00 3.360866181800759911e+00
-1.045333011962166836e+02 9.246571485554466108e+01 4.081212053199811152e+01
8.157090557729173019e-01 3.479311968770635310e-01 4.621283572447700827e-01
5.404410779485625760e+00 -1.169254025934400154e+01 6.389188553444406615e+00
1.289404955286431731e+00 2.199321664128088827e+00 1.897107951821150218e+00
7.199853220751107896e-01 4.336189825106981921e-01 5.418447323752311195e-01
1.685194153988152532e+00 -8.397963317883985201e-01 2.560355298676698865e+00
1.132781826681235948e+00 4.513965378465025213e-01 -1.017666363235856686e+00
9.732751593687342939e-02 1.148661055221197955e+02 -9.005700820841111920e+01
6.358944176195173270e+00 3.154364427080584843e+00 -5.499459390060867037e+00
-1.271997143635529959e+00 -3.173274954195978159e-01 -1.896342182021348577e-01
2.253389575826992564e-01 -4.623001180640942676e-02 1.035474981736794309e+00
-1.032157240048442032e-01 6.290906288820880654e+00 -7.747044448265727468e-01
-1.731193143329142980e+00 -1.188260764808499070e+00 -2.002758891921088580e+00
-5.268702322437784602e+01 -5.771945132721537419e+01 1.414060796272764549e+02
8.074296513070357006e-01 1.886565838760973390e+00 -8.866152783905646428e-01
1.079701183134107900e+00 1.168632321613217284e+00 -5.339897255435560597e-01
-1.091170717532737200e+00 -2.268513491107070901e-01 -1.770367511610343003e+00
1.301822319067273099e+02 -6.545690704279222416e+01 -1.261966117195255777e+01
4.814944244226073700e-01 3.420762133785678616e-01 8.069367902695492312e-01
-1.251549163896986394e-01 1.365403111207513565e+00 -2.440781739842581288e-01
-4.585573015850957113e+00 -4.089197117193436704e+00 -5.831496337569693544e+00
-8.717794176675315310e-01 9.235814421571057753e-02 -1.185479227254481627e+00
7.811189492596577466e-01 -1.831936318705791322e+00 1.918322336439405584e-01
8.983378907038194194e-01 -2.078825302724226706e-02 4.388130383909391585e-01
8.813619025361972836e-01 -3.715138428293180972e-01 -1.177754644451368238e+00
7.638656393523050037e-01 -3.628570991010765523e-01 6.742341112370261458e-01
6.931407020435785826e-01 -5.860651151538769366e-01 -4.196232214382422110e-01
3.074292906311095197e-01 6.862388584798755076e-02 -3.225342969632971624e+00
3.254594501552978691e+00 1.684990002234044271e+00 -3.764083115837941751e+00
7.885350331202538587e-01 -1.646648520969721030e+00 1.566567935489209251e+00
2.631042421316244884e+00 -3.887661195841668249e+00 3.037111322587559559e-01
1.403687796731990955e+00 -7.052197089414695697e+00 -1.319651912995145615e+00
1.259774898859246317e+00 -8.802793630540944880e-01 2.203485598299811110e-01
-1.240565656816391416e+00 3.078346850579862237e-01 6.070257389785412849e-01
-1.125157544460950287e+00 -2.681349933115709794e-01 2.506591616180746107e-01
-5.782380094047134378e+01 1.282810276828612359e+02 6.300314241024445039e+01
5.307036483583338349e-01 5.783595698060286505e-01 -6.195593963720825714e-01
2.555784345641960997e-01 8.591717430500288577e-01 -4.432872429137682535e-01
5.191375222715330917e-01 -1.497793669979729236e-01 -8.414644224157430408e-01
1.034554432499591892e+00 -6.851505253657089733e-01 5.110490238008709163e-01
-2.972538164161997454e-01 -1.286192660509276608e+00 6.155895278193369569e-01
-6.845058505345379629e+00 3.837536979313082020e-01 -3.688709663949565343e+00
-1.168066356640003800e+00 3.897060279114705206e-01 3.020180749257044342e-02
-3.472156825258032598e-01 -1.740543892707255014e-01 -9.214913669610450553e-01
-1.337170115394245613e+02 -4.456275598629409274e+01 7.052600287016548464e+01
3.233821809037598971e+00 -2.022821648873082623e+01 2.577867183647060578e+00
-6.483332590376722493e-01 2.217861947865308991e+00 2.507456617158198009e-01
-1.061337199886170026e+02 -7.238801326559529059e+01 7.919443003505899981e+01
-1.658490585794511751e-01 -1.803167591156210392e+00 -1.138768762691871661e+00
-6.898098174513441760e-01 -7.350913575817117351e-01 -4.097271879172799114e-01
-1.365147529879387367e+00 1.262368602781354809e+01 3.237741166623389510e+00
1.230997392127143542e+00 2.042473694429286279e+00 3.602959351843793012e-01
2.462031406879133755e+01 -2.708417767193137760e+00 3.436378812742115763e+00
3.211475212104911714e-01 3.568609621980887714e-01 -1.967559546948501437e+00
-2.293708219270390813e+00 -2.766373810399625821e+00 1.848256419033920395e+01
-4.917070150852372867e-01 1.006837012330939141e+00 1.657026976343192459e-01
2.783160740022974089e-01 1.386007203558660361e+00 -2.255032704252705328e-02
-1.092990903209529963e+00 1.100348841795799260e+01 2.653964873519455203e+00
-1.987796216856794751e-01 -6.014591032855296504e-01 7.737787856212294813e-01
-5.864285392419078813e-02 1.980975511594227356e-01 3.155043232067182846e+00
9.897095704517885895e-02 8.920220988950863239e-01 -5.350675072859923942e-01
5.692255106140189369e-01 -1.244717896973581261e+00 1.765374135435957281e-01
-8.371184363666498429e-01 -1.524981188225765116e+00 4.991080667118304448e-01
-1.554895092627153058e-02 -9.522335483989279314e-01 7.667938656325433699e-01
-1.607316083301157661e-01 -2.910165017703675527e+00 1.996839147420170546e+00
1.217822770157385648e+01 1.186807059110406648e+01 -1.595550341448777409e+01
-6.981221565830708631e-01 -1.666794955977315418e+00 -1.596418798344106493e+00
9.443614366223159751e-01 7.272707338773862773e-01 -1.474504442643098878e+00
7.443397188523329655e-01 -6.339003901608920577e-01 6.056078844687244889e-01
-3.880079502842388894e+00 1.284318540520942298e+00 -3.025080026414662449e+00
-3.657742031905188096e+00 -1.212092880226962377e+00 2.352311021711998684e+00
2.283197466642707241e+01 -5.223361151709764982e+01 2.686867727448576559e+01
-5.956024391972672971e-01 -8.480799518825780092e-01 -5.635037364515800562e-02
-3.581975383735798157e-01 -4.806193079968539839e-01 -1.176510806461590342e+00
1.377816544962235490e+00 -2.156204579633748786e+00 -4.468301704602352764e+00
7.705588694976549247e-02 3.078205004623523876e-03 -1.030663276288258379e+00
7.600455318756427214e-01 5.337914804671852753e-01 4.940222737465927993e-01
1.389654588583296047e+00 -1.317459611490789717e+00 -7.900547724513075354e-03
8.668589623362602525e-01 3.101413856413290926e+00 -2.898937829560757962e+00
4.322457184001385899e-01 4.107995523639220159e-01 -1.995857025160905129e+00
-7.139637551297789431e-01 -2.630684854530837224e+00 -1.525175645189592588e+00
2.615459533182954432e-01 1.515832687842709303e+00 2.274555092466172823e-01
-1.031005772917858998e+00 -8.665821363227641516e-01 -1.345365986991154672e-01
9.063624046476629559e+00 4.090904621154605181e+00 1.867524613501607078e+01
1.763052468481211665e+00 1.871313321522055428e+00 1.701862629875734223e+00
4.736196404845356867e+00 1.526951732528492869e+02 3.175049893701354264e+01
1.503015105574092791e+00 -3.201864712109718514e-02 -1.021174936244839238e+00
1.119572265517412069e+00 1.904287853997050028e+00 9.203156320413199420e-01
-3.185662959486450507e-01 4.510166959308389845e-01 -8.337262470842509154e-01
5.304308891359945655e-01 -6.749121304456865422e-01 1.042625066264828648e+00
3.322542131069576299e-01 5.856453262801941673e-01 7.393420654060212094e-01
9.741664909417696583e-01 -2.075513559488253446e-01 6.806442998001923650e-01
1.908288223962957053e+00 3.937927249073474023e+00 -2.168987287566348066e+00
3.137574288623451935e+01 -9.857180376432749824e+01 -1.204295512779842028e+02
-7.786578688458796194e-01 5.979856013332593978e-01 -2.425635456663075562e-01
4.585401982034102430e-01 2.077527766648979313e+00 -1.348457506355791979e+00
-1.214456140424787556e+00 -3.483357126707617435e-01 -3.472439995371816579e-01
-7.162106999300287269e-01 -5.496859766651073231e-01 -4.299855350630592543e-01
2.552877321896262597e+00 1.983554325757558301e+00 -4.832290011400170116e+00
-4.113633794351434503e-01 1.334445649443043003e+00 -4.047733974739505247e-01
-1.495115635488636352e+00 3.095015069491916293e+00 -1.924691290856454629e+00
-3.951472634747310586e-01 2.440298419114630857e+00 -1.267844510890518528e+00
-1.968752333701818402e-01 -1.497387992767503784e-01 -1.080730149140451068e+00
-1.247465086245788779e+00 2.572868984665399594e+00 9.909046590354232686e-02
9.299869902241214570e-01 5.798753928880692188e-01 7.952127870365598428e-01
2.048936331943511657e+00 9.237479227249629776e-01 -5.312323211495156849e-01
5.181471095662574022e+00 -6.911082478777790250e+00 -1.936493738652126595e+01
-7.972641209772416637e+00 -6.989777465370127230e-01 1.011957286217452889e+01
1.308001572785366884e+00 4.323379043119539133e+00 3.959025329708734109e+00
-1.918872607888417070e+00 -3.660519079233912759e-02 8.293264414083250102e-01
-3.732918155568662399e+01 1.372433263098722591e+02 -1.990170208686643605e+01
1.272415636308689386e+02 3.482943838179316032e+01 -7.162949296975089908e+01
7.285179851670060103e+00 -2.250333983516550784e+00 -6.291208891786636670e+00
8.578809339684365654e-01 6.157790730472585405e-01 4.114655996102170588e-01
1.177505838774114153e+02 5.708449445742471795e+01 7.485581304466030872e+01
-1.984946884162580139e+00 -2.373670461165335865e+00 2.936348582600376123e+00
-1.155375868089351665e-01 -1.717899812452712727e+00 7.613828639733837278e-01
-8.832297865919200852e-01 2.234783460307858682e+00 2.790099598869958952e-01
-3.507220783812843301e-01 1.189268134513980391e+00 3.376258628348660640e-01
6.923164818261463438e+01 -4.993380080210160799e+01 1.212220484528753559e+02
-8.255518527166233467e-01 5.623812264493207591e-01 4.681340207150735955e-02
-1.384549790670435812e+02 -3.307096562347169311e+01 3.765664273181207022e+01
8.045640748893458039e+00 -1.476680956270461209e+01 -9.172491283355252989e+00
7.121946523905134940e-01 6.457934066741708445e-01 -2.751902124032115649e-01
-1.272876738127263208e+00 -7.246810027103561813e-01 -1.950995001850466704e+00
-1.854674193021260464e+01 3.537198584261418421e+00 7.684549288765913921e+00
-1.676758754497853499e+00 -2.134029269400327389e-01 -1.836032130104671145e-01
2.555331664418877269e-01 -3.460956030258567351e-01 9.027295466607654362e-01
1.393805129224272132e+00 -5.738274691510781844e-01 -4.686232263320036506e-01
-1.977452653238609415e+00 -5.466255328458791141e+00 1.575152771481092895e+00
-5.482472397389869023e+00 -1.495193036993554756e+02 -2.592802658642650115e+01
-1.522891573780675190e+00 2.105844931149299715e+00 -3.592143098413558278e+00
-5.896802115355934149e+01 1.240213179719242049e+02 4.378651354296126641e+01
-9.532179568248982937e-02 9.760877903710386549e-01 -1.953621784185696764e-01
1.242852607445904090e+00 5.932078777651761392e-01 -3.952878598642567631e+00
6.473315646249022670e+00 -2.619410707779990855e+00 -4.019894311237508511e+00
-2.158681617027011335e+00 6.939078635716969812e-01 2.660751023322593500e+00
5.324393027110025933e-01 3.230877835721265856e-01 -1.010081975551051947e+00
-4.420947543264655000e-01 -4.198495144652575894e-01 7.926402799506908625e-01
2.067813064415085389e+00 1.653554586967451501e+00 -3.787830370930293178e+00
-2.347014834784568649e+01 6.862117524905001176e+01 -3.174006832861025629e+01
-7.495832949293843583e-01 1.119024351555393437e+01 -3.755232238178827675e+00
-1.089933587027959447e+02 -1.249243743338540895e+02 2.599942982300966210e-01
1.536391786572169682e+00 -1.612026390049935642e+00 -2.797886876537921896e+00
-1.491947892754328153e+00 5.673834049832831017e-01 7.640044523896540041e-02
-2.549850959039671183e-01 1.995571907203728262e-02 -1.006898167754204820e+00
-1.878750616762134285e-01 -7.008930653136643540e-01 -1.139370554177505657e+00
1.763916804461292953e-01 1.092875649574467145e+00 1.938660201256982019e-01
1.214087429023023912e+00 -3.110390678130198552e-02 3.104529832238380194e-01
-1.124609454840714839e+00 2.240953419694895199e-01 -5.770055606893120803e-01
3.067372231657827797e+00 -8.352777085312539374e-01 -1.520630555163760667e+00
1.807296527137087772e-01 8.930493897912012979e-01 8.842992364518615922e-01
6.416225818042808893e-01 3.387952592401857199e-01 -6.881411445591552045e-01
4.398950276221588740e-01 1.500210101294032983e+00 3.986909827376975413e-01
5.079731261138363818e-01 7.983981045374901608e-01 3.233013606792886629e-01
-4.268331637233053338e-02 1.268456617647142071e-01 1.317761904021369723e+00
1.327343439427197858e+01 3.370083890114896619e+00 5.368598915592551535e+00
-1.053219415537525849e+00 3.061331448288975299e+00 4.331245346110518035e+00
6.480480453684855036e+00 -2.577763568657848126e+01 2.769707267713411980e+01
5.028834468707939820e+00 -2.297181522475671700e-01 -2.601210311281181831e+01
-4.349269978422012350e-01 1.263598840746641416e+00 -3.615827000542298220e-01
-1.046569127979479097e+00 1.024724652861616209e-01 -8.893175102325966419e-01
1.779439790246547970e+00 -4.691314563181536723e-02 7.439077163435929840e-01
1.110842714652565100e+01 -2.545799751231277241e+01 1.102547368210958645e+01
-3.560624324336740809e-01 2.615857077666064345e+00 1.151050515790657869e+00
1.218182662231460878e+00 -7.115503456731244736e-01 1.095410127360927799e+00
-1.191551103866014483e+00 1.055133939761832895e+00 6.919809628942845403e-02
-6.467545803829631845e-01 -6.167873589631880371e-01 -4.486444768152980656e-01
-1.392411995891678078e-01 -3.100344635141337735e-01 9.404735614415073996e-01
3.358351372568722581e+01 3.282412962316308125e+01 -4.272638175691287898e+01
1.055250622845721153e+02 -1.060767006531373369e+02 -1.087560154043209870e+01
-1.487704111879804225e+00 -7.329332108221058295e-01 -8.966095236402695789e-01
-1.802177281271781562e+00 8.054999744532940653e+00 3.153078496216620008e-02
7.213722155725876828e-01 -1.734677270567079210e+00 4.381515364547750035e-01
1.840190056743959968e+00 1.161076781894414580e+02 9.049211841427515424e+01
-7.755398176117603626e+00 4.152332883705005173e+01 -7.028946238350557962e+01
3.623074758422909980e+01 -6.057982737040596533e+01 -1.508632746585749942e+02
9.246689377941680332e-01 3.256326656070659409e-01 1.973593741585172867e-01
2.662278645822536038e+00 -4.961165483484756500e+00 6.020890519205501779e-01
2.565542236048246605e-01 8.618466423967348078e-01 7.205328283798477784e-01
-1.752767112360762214e+00 -4.155141257896735496e+00 9.615714390345793561e+00
-4.100141095838458760e+00 -4.092521470481528034e+00 -9.512139808616474568e+00
-2.127353294609894085e+00 -1.320874559598379072e+00 -6.415133803834557891e-02
-1.034785999542405133e+00 7.886440630841191624e-01 4.011737384612090174e-01
7.769823965546898137e-01 -2.860842333498805345e-01 1.715414826083561772e+00
4.025931832468238269e+00 -2.124042101117588732e+00 -1.346670707892132945e+00
2.905615749725356967e+00 8.224729858603153643e-01 -5.274510000556933420e-01
-5.895068398635856521e-01 1.327867234514077843e+00 8.046848827670386450e-01
-2.116169457691201294e-01 8.383982389710997740e-01 -5.023013648732282954e-01
2.353844772388759221e+00 -2.133214173145824066e+00 1.156316409079546137e+00
1.466582503437511775e+02 3.057851826053961375e+01 4.408736979318550198e+01
-1.808358930722870017e+00 1.115818007041922577e+00 -2.801869528951825394e+00
-2.402000203820045598e+01 -1.650461177911355293e+01 6.002131783028155532e+00
-1.051979544964794968e+02 2.832619379897966994e+01 -1.025044501881309742e+02
-2.469554590208357936e-01 1.102761755605746519e+00 -8.831192958848848029e-01
-8.594609863291188256e-01 -1.463444449914275969e-01 -9.050631557811914529e-01
1.874757494586689610e+00 6.272900068840536747e+00 -6.816257171510334167e+00
-9.437244805360618660e-02 1.125672922724759939e+00 -1.595006404728453453e-01
-1.827445355568036167e-01 9.998604945003396471e-01 7.809845229483612650e-02
-4.587437627294516318e+00 -4.573715817879558942e-02 -3.203230246447556606e+00
2.714106013726285127e-01 1.352379349168256750e-01 9.529149943315933236e-01
-1.106373201012568641e+00 1.261988688246020729e+00 1.351841966733867417e-02
8.957784430810376008e-01 4.850612802472164531e-01 -1.333651647178119459e+00
9.306189064154195556e-01 -2.813700255417767582e-01 2.933138692515491197e+00
-1.912902296857693085e-01 -1.623295953332230535e-01 -9.680171230436565022e-01
1.323868706115385123e+02 -1.517927152099619015e+01 -2.912102152154840695e+01
-4.509635850182625028e-01 -9.541064815522164455e-01 4.976756068268411437e-01
7.024962789223969661e-01 1.225124967830775846e+00 -1.474503628524621301e-01
-1.837853478775942906e-01 7.334983185603555222e-01 -1.020817316696955412e+00
1.595631254884216643e+00 -2.807222576845366024e+00 -1.658300337841893901e+00
1.040216997712987840e-01 5.697541975956632587e-01 -8.152052749454039571e-01
8.478182590366204474e-01 3.899215117705855382e-01 -3.593959019001957134e-01
1.007794903629277261e+00 1.560815923357595364e-02 8.857418029580899077e-02
-5.997562882704872145e+00 -1.305348280618730650e+00 -2.211512654747093798e+00
6.471790485262692849e-01 1.296605197859851177e+00 7.972487025861120236e-01
-1.874721368138296151e+00 -1.218228625366404305e-01 8.104996732259530656e-01
1.016154973087922908e+00 -2.397710609698319839e+00 -3.100939694408797020e+00
-2.203126722525864167e+00 4.144534464534939122e-01 -1.795479635703786325e+00
-9.581425103349013739e+01 -5.657116280349944404e+00 -4.733272486349919461e+01
8.545661468349322831e+00 3.463714216166356774e+00 -2.323471645355675363e+01
8.944331622592048836e-01 -1.088101210178984646e+00 1.104150832257890347e+00
-4.270253542540827674e+00 -3.073112186446004812e-01 -1.785009945888789140e+00
-7.075741067019902797e-01 8.348586840355861627e-01 5.020774046388927214e-01
1.747504007488508648e+00 -4.195045014235081471e-01 -1.293346405328463566e+00
-6.697719993771417357e+00 -5.186968074775879955e+00 -5.968261033730717813e+00
1.956018896303099441e-01 -1.058518689058975282e+00 9.989727630699112293e-01
3.986754610361264439e-01 -1.196059849005134679e-01 -9.092591957982114614e-01
2.261762177735731072e+00 1.776846854417341470e+00 7.713637456922900482e-01
1.520910205587236330e+00 -4.573579101853404438e+00 -7.290301790559864381e-01
7.019077209891626534e-01 -2.593848829338097350e-01 7.709516993586231770e-01
6.943538732720003770e-01 -3.175117885461964384e+00 5.927608570598184912e+00
-2.355252929049892074e+01 1.182893135417523780e+02 9.966470077245823234e+01
4.056239912501903855e-01 -2.428271201564966009e-01 -8.811947386581288066e-01
8.509109352664812054e-02 -1.366123662951558293e+00 2.252823162630056331e+00
-2.445806257115848314e+00 -9.412284111116776542e-01 -2.990990772256968966e-01
1.868332762421836435e+00 1.244304361381536550e+00 2.408264591542549127e+00
-7.798965269773793807e+01 1.149271219373590185e+02 4.233064290506619898e+01
-1.100900393430857775e+02 2.768699381610332111e+01 -9.442724420085215797e+01
2.284315328881763918e+00 2.723678739055880982e+00 -2.494975684562508178e+00
2.353455922328504535e+00 2.130866856037285650e+00 1.043382818335646167e+00
-1.224337266690452147e-01 -2.658489207598133230e+00 -2.077038952566818975e-01
8.614385612149192406e-01 5.072714768024909615e-01 2.447966655389477095e-02
-1.908568701875168749e-01 -9.802919773942405657e-01 5.100288382743634746e-02
-5.075639537935933143e-01 -1.320302466662404584e+00 -3.797269293977721394e-01
-3.328923298666258468e+00 4.942163308919814035e+00 5.784396586244062277e+00
1.160547221353397829e+00 -8.328903445959086049e-01 -5.414358600186338633e-01
-2.148087112477806704e-01 8.443533038022243975e-01 -4.908408254519341374e-01
-7.110805618052447319e-02 -9.974488533737184692e-01 6.279271429221306398e-03
1.236301571612567614e+02 9.698494069774636728e+01 -9.987099769332228760e+00
-3.287530114449792151e+00 1.157898396269942398e-01 -5.667910445630810479e-01
-8.881571148853580899e-01 -4.531298241764137869e-01 7.648726508621571385e-02
1.532986324643649478e+00 -7.194888824670302441e-01 2.736242525880078436e+00
5.008029225301654508e-01 -3.019410990465674960e+00 -2.126855811360633730e+00
1.457220445188559810e-01 -8.370079349535682889e-01 -7.716973294468979505e-01
-5.517798148307578865e-01 -6.647360806291593427e-01 5.036516445472190018e-01
8.847250414528791407e-02 -3.003715020435090977e-01 1.522584193106568229e+00
-1.352026107566625335e+00 1.846671302040782947e-01 9.403841805143287047e-01
-1.423021373293186116e+02 -5.597799476698811816e+01 4.713087501466404206e+01
3.438680643832010553e+00 -1.890207445590877722e+00 1.883259615838574152e+00
1.807320019600056060e+00 1.661180451553729620e+00 -1.115609977164824462e+00
8.350210597548454738e-02 1.114336025990451784e+00 -1.580062695563389186e+00
7.462538248277967057e+01 -3.345266452855589989e+01 1.158053423166772973e+02
4.597701883233139553e-01 8.319461626490015638e-01 -3.106073991113950106e-01
1.006642879334060492e+00 2.035928926597145583e-02 -1.067255266721481577e-01
-2.818409376165653768e+01 1.047880715894176440e+01 -1.776505047107375290e+01
-1.762097195125064963e-01 7.569396278225047903e-01 -9.580853720648077054e-01
2.147994737966008483e+00 -1.037273168110215138e-01 -4.783057190910632528e+00
-2.957641279245733834e+00 1.818638277907713929e+00 -5.826641148786594337e-01
2.331109047290309633e+01 -1.417689894081225361e+02 4.262091490712229103e+01
-1.014506549251669387e+00 -3.746455225618159801e+00 -2.281580384189763944e+00
2.673624954829540101e+01 2.497337885508563460e+01 2.638500682768239258e+01
-1.240390492850112603e+00 1.508678778649686025e+00 -1.089159506667000399e-01
2.269853378917316888e+01 -7.726004803954586109e+00 -1.908514107866922771e+01
8.774824461501148365e-01 -5.068857686542737051e-01 -2.940579806132327945e-01
3.626035686865033192e+00 4.129507191942518141e+00 2.087795041377275229e+00
8.539000246733117194e-01 1.405398456817344988e+00 -3.965082498858159443e+00
-1.539461388143081200e+00 8.500542191419390159e-01 -2.115596548776529140e+00
8.626784019228778480e-03 1.443367702168036226e+00 2.148200371025664079e+00
3.356379877105634346e+00 2.720669791723612452e+00 -5.211288594419611897e+00
-6.769265600881605671e+00 -2.237313863056653584e+00 1.166337632181106532e+00
-4.562263377030342792e-01 3.315968258038489713e-01 2.016469517979530224e+00
7.854911952581770107e-01 1.485183428788059978e-01 6.007877195818951410e-01
1.454311052820592476e+00 -1.772030965861784324e+00 3.500431873026021545e+00
-2.987661425135784921e+00 7.613646426848782767e+01 1.051644296255425246e+02
-9.045624127683353499e-02 -2.019578749507680460e+00 1.455650434098674784e-01
-1.493556653197246398e+00 4.848231880903666746e-01 1.985954275117863821e+00
-2.723420306673678581e+01 1.075677627947425741e+01 -1.437893982654825598e+00
3.791520337821212457e-03 -8.284166799232172140e-01 -5.600994811625179537e-01
7.803752117033604385e-01 -1.048631689062998307e+00 -3.054402718591505139e-01
1.839346752584695432e-01 -1.186420402992567347e+00 -6.668839621254715189e-01
6.163982778303357390e-01 -1.401477897526566041e+00 -1.115273137160671890e+00
-1.176524131008805263e+00 1.215562083693715545e+00 8.648672065599295744e-02
-5.442705414858375196e-02 9.376275874860132697e-01 3.433543402403202438e-01
3.410012450897124126e+01 -1.511945067025111769e+02 -7.872488037725894339e-01
8.514075464792142611e+01 1.252560537537141840e+02 -9.436279324641262178e+00
1.589143258644712509e+00 1.917945956029597498e+00 4.234408656638825597e-01
1.363621979118063932e+00 -6.670747359021468981e+00 -8.177558215504557637e+00
-3.713160520797885722e-01 -1.040992111311935142e+00 2.112706710208201721e-01
2.846731623213171858e+00 -2.820720749297106167e+01 4.880961625264930159e-01
-3.015614084804421613e-01 -1.002807394936157115e-01 1.052832705493982557e+00
-1.920855140876071232e+00 7.336160874243953245e-01 -2.138274350012280056e+00
-7.777204493953742315e+01 2.693732212572482254e+01 -1.462199599841939630e+02
-1.917514184230353358e+00 -5.942962422391017130e-01 4.860321746143327071e-02
-6.686216912091301090e+00 -5.000991115846494139e+00 -7.232947327217541300e+00
-8.753777300768126324e-01 -3.385973785818134907e-01 -3.450589006287058669e-01
-2.489514838728633939e-01 -4.078243438231720641e-01 8.784659716020299935e-01
2.244866185774297751e+00 -5.331437755509366161e-01 -2.251245899042334297e+00
5.737219950180890704e-01 4.266451545706969051e-01 -8.409801391521724012e-01
1.853246533294365284e+00 -1.147560235169971854e+01 3.950837669977166566e+00
-1.178489196805258654e+00 8.614401697659777868e-02 1.024865739242509566e+00
-2.516059426777591312e+00 1.395596923904350639e+00 1.106442290360928737e+01
1.354554483996926990e+02 4.224364280717255582e+01 -3.473620888862483014e+01
4.151930412260503189e+00 -1.583678838580223625e+00 -1.169286549629843819e+01
-1.046502619663082072e+02 -7.225905728593696153e+01 1.101435678843250514e+02
6.787787098872798131e-02 -8.862115337412945770e-01 7.384642565245512769e-01
-5.276179882223430706e-01 7.663598809754753605e-01 -3.664857314213780803e-01
-1.903556076505932004e-01 4.089735932103609195e-01 -1.594749094796257483e+00
2.921736252157823288e-01 -6.427903900986072783e-01 -1.002519032600301063e+00
1.864178551748871815e-01 2.596925745501683203e+00 -1.136610376324761695e+00
-3.861040830915454247e+00 -3.188483727846631055e+01 1.015779596372047848e+02
-8.027453341466351810e-01 -5.876439409816464066e-01 1.013633421576390914e-01
-3.056461084283997320e-01 -6.221729657924698342e-01 -7.445060549737815281e-01
3.827819067441695089e-01 5.608982512470366277e-01 -7.504936644777365773e-01
2.766648045966435099e+00 -6.032938158903757842e-01 -8.266193355214898064e-01
-1.827873822227192857e+00 -3.005788768996626656e-02 2.806291139052128791e+00
-9.074750957792055317e+00 -1.582914378022945712e-01 7.482702686315763074e+00
-4.861376330529161849e-01 1.654225861806930320e+00 3.839901114984124036e-02
1.196149076914902309e+01 5.870523935425281614e+00 -2.098273764242570394e+01
-1.127204621635449211e+00 -4.918431548467788739e-01 1.131761006755320764e+00
3.170866850318719621e+00 -3.530145240715414912e-01 -5.944709996157658549e-02
-5.228150167144111071e-01 5.261573094478891877e-01 -6.706884105249383277e-01
1.477814736701311416e-01 1.444477632823502500e+00 3.749895238012778353e+00
1.843480478189070057e-02 -2.300562800030306332e-01 -9.730027060619208523e-01
-9.121817437105040938e+01 -1.157112199618534909e+01 1.182670938578528279e+02
5.711737004539676477e-01 4.972433605072928420e-01 7.491348967617493804e-01
4.131580375608763234e-01 -8.886214425672028794e-01 1.991290230193194510e-01
5.238497628184118682e+00 1.482365367906421927e+00 -1.983953773687295197e+00
2.555926588266893562e-01 -1.017260039122941828e+00 -4.401034344253803021e-01
-7.713832875896399877e+00 3.686904115218052613e+00 -2.512121857593240914e+00
3.272911672739283517e+00 3.657177277240280855e+00 1.388219808668041955e-01
-4.986984622216418250e-01 4.950936705527709814e-01 7.114647574942514208e-01
3.992131476456126649e-01 9.512847580981195206e-01 -8.960179317481729855e-02
1.858190278727926970e-01 9.243305294985866283e-01 -7.096227454949183278e-01
7.320259148902327206e-01 6.707019059316522425e-01 1.195701187954865269e-01
-8.303134542608331614e+00 -4.194848083762992452e+00 7.407602807942443413e+00
9.697415945450528485e-02 -3.870469619097455932e-02 1.068852317100969174e+00
-7.245396509527444184e-01 6.167240307403738520e-01 -3.077235189331843368e-01
1.020571290860405045e-01 3.097758561056977111e+00 6.844661484875038671e-01
2.423401746015127589e+00 -4.324247956863430664e-01 5.274887673541027722e-01
1.631415903152416469e+00 1.528056579432091944e+00 -2.382929346035622231e+00
-9.150412446416932966e+00 -3.979443162710222026e+00 -1.082670676723340719e+01
3.519800549082488406e+00 2.184757983714844087e+00 1.649773246766909063e+00
-4.352296417376519400e-01 -3.053532830607371684e-01 -8.469560386920589323e-01
1.809141862239934895e+00 1.313327369757397989e+01 9.392372311361565806e+00
1.248778590650932552e+00 3.332031007640862130e-01 -1.315066009857306650e-01
-1.510049053954091036e+01 1.795917751252354222e+01 -5.795308375150135305e+00
3.114836985625163424e-01 4.290972855441829714e-01 8.478522424741408159e-01
4.488480901783197252e-01 -4.943624054182217953e-01 -7.656359059297326297e-01
-1.593310102593647748e-01 -1.367155960798857262e+00 5.151358890496807730e-01
2.361893377054298693e+00 -8.439172169328530704e-02 2.520872349267215817e-01
2.180995384711952756e+00 6.792559093465982301e+00 -2.017029498819083333e+00
1.225487126500412138e+00 -4.139720018765840948e+00 -1.382191531868122381e+00
-8.555152761271410666e-01 5.176962906721184199e-01 -9.174036049147984290e-03
2.115785074385072129e+00 2.805212491809255582e+00 1.315996309157772437e+00
1.613448502214300362e+01 -1.040224268282048925e+01 -1.504615477208871610e+01
-1.197197255344607747e+00 -2.270338616592256553e+00 2.345049009834459033e-02
1.025959963888382731e+01 -3.351921953523808284e+00 1.929502618166696770e+00
7.775304883209127604e-01 -7.013146948993644568e-03 -6.288061350697166096e-01
7.035048333346701099e+01 1.684226191256647809e+01 -1.239008513508188258e+02
2.373513546944731045e-01 -3.669249357188729466e+00 -2.438342154976711473e+00
7.418819266899782106e-01 -1.963100771097486597e+00 1.261173723572919458e+00
3.006129001853166560e+00 1.142277236561425369e+01 -4.760582008588106540e+00
-2.868218590786348443e+00 9.964880200971131252e-01 -4.701087982834725842e+00
-6.646604508912941356e-02 -1.212350246271975962e+00 -6.392603035481810858e-01
-4.834032149232996289e-01 -5.163941513200690503e-01 -7.776471926187871198e-01
1.550325769094039741e+00 6.199817006499922650e-02 -2.202062041144217996e+00
7.866479150179183089e-01 5.315835466789216035e-01 -3.140127237839585583e-01
9.411481967850180652e+00 1.366596672084703634e+01 -5.461045509081121629e+00
4.972897868100675800e-01 1.668501647985230374e+00 2.265861815834139037e+00
-3.733584140638102067e-01 7.785974424724937393e-01 1.902150228958338740e+00
4.077865572428301277e+00 -3.050798151054979090e+00 -7.829834401612641770e+00
2.340042857455890246e+00 7.632404558372067882e-01 -5.769100379739693807e+00
-1.820867660338381100e+00 9.890439576862405602e+00 -6.996184331344710294e-01
-7.587227046423395294e+00 -1.601759840292207002e+02 -9.999385693928052987e+00
-3.347466838762065966e-01 -9.386545644091810470e-01 8.289913357625472434e-02
-2.587011402079931965e+00 2.047548664263108886e+00 3.379813302758627014e+00
-1.123065633655930817e+00 -8.830097119218568436e-01 9.004009199129422436e-01
1.198841035867842936e-01 -1.056609781340891896e+00 -3.253037945110673901e-01
1.084391713403003088e+01 -1.658482406694784217e+01 -3.480601133727970087e+00
-9.360642253140140090e-01 -3.274925536130684378e+00 -4.424675347614430265e+00
7.949687205194111428e-01 3.497959223437574483e-01 6.610571255916606326e-01
-2.287401281046786972e-01 4.401952780310572910e-01 8.682776462594297140e-01
8.731628131481022592e+01 -2.615737405343176647e+01 -1.033006817208862032e+02
-9.312363887766257342e-01 1.425480695487674199e+00 -1.738600138404416073e+00
3.391216523969766694e+00 -1.288807587430528701e+00 1.472250083239604823e+00
6.087912381842107701e-01 -2.009602499188825497e+00 9.830279556012397890e-01
-6.789391700543839780e-01 -9.653534798930518690e+00 -1.598108263791881534e+01
6.891002996325237273e-01 1.032135989252901176e+00 -4.691461172603349494e-01
5.952526293090560916e-01 2.214200184150579620e+00 1.015904119877393930e+00
-2.396655621280754644e+01 -3.430874842242608480e+01 -3.831956201139263385e+01
4.129051885916581455e-01 -1.063832311803826869e+00 9.550608865457393959e-02
-4.904687212000583552e-01 6.775121589235846287e-01 1.581890790497236576e+00
-1.200042831483565831e+00 6.025926124488557356e+00 -4.341113104543849133e+00
-8.590093016046796492e+01 -4.965708563701486611e+01 1.056091155729813238e+02
6.716236945502149780e-01 3.092546451341319780e-01 -8.566716137321849223e-01
3.263172318445540718e-03 -1.905561888074440990e-01 -9.816708667438398539e-01
8.706450444254851817e-01 4.413509132636689869e-01 5.004581994896778463e-01
4.040725092624389170e+00 2.047080232961588209e+01 2.225360870721244666e+01
-2.912699991447165182e-01 9.326062699394377375e-01 2.130899642589617893e-01
-7.335360235541262819e-01 -1.510720735020298244e+00 -4.749103773840233633e-01
1.252041855592592157e+02 7.008101667721669514e+01 6.042623601201302819e+01
-5.218005379279336831e-01 3.819287424750611448e-01 7.627939658187770089e-01
-2.180144954997140228e-01 -4.753284636962253895e-01 8.523687766173695390e-01
5.031983947401337254e+00 4.193329088304514340e-01 1.694003256783290223e-01
3.901904681220770499e+00 2.886812116472987189e+00 1.492010935869946486e+00
-8.946343445550096751e-01 -5.482397977041314485e-01 -1.434106957512875646e-01
1.303562248766071408e-01 1.358589510190148397e+00 -9.481413348820835196e-01
-4.056302083522659863e-01 1.561904107020139154e+00 1.033492581130523114e+00
2.830395482959171360e+01 -6.649124721485341638e+01 -5.508678858717148330e+01
7.061381945164167950e-01 -7.976495691918422670e-01 -1.257975810791646110e+00
-1.441886016177219842e-01 -7.288325783593718743e-01 6.693375231417673099e-01
7.169657146527630420e-01 6.581051468124788917e-01 -2.299081985301489606e-01
1.134402942181644836e+00 -5.600162989930990154e-01 4.080345695066068257e-01
-1.528107557582854659e+00 1.089529215143786756e+00 -7.339237080132332558e-01
4.553440667883960913e+01 -9.307741091939529099e+01 1.056363339848901433e+02
-8.563264637993928119e+00 -1.729274665447824688e+01 -9.665460359730468909e+00
-2.341350708414245751e+00 2.684688377028739303e+00 1.186551804810252797e+00
3.227421748144280733e-01 -2.758677171398983829e-01 -1.037955728727816496e+00
2.044563348363212629e+00 -3.076598509675219639e-01 -7.776230811136388699e-01
-6.214133864775487126e+00 -3.890260613855147209e+00 -2.563143494961629898e+01
8.349150403485005256e+00 6.984594463128483532e+00 1.094272330658478509e+00
8.837038933144282282e+01 -1.236102575666978964e+02 -3.556927251516451349e+01
1.041696249099057781e+01 -2.436457219162789123e+00 2.600566643186915883e+01
-2.196744080456482784e-01 -9.871525740927419301e-01 -4.505461940029145129e-01
-4.383731260299380539e-01 2.372804401494438831e-01 8.669065665325337289e-01
-1.286301758712623755e+00 -8.496811626132757533e-01 3.643021781718979391e+00
-2.122400790187231934e+00 -1.082982026412679266e+00 1.196486599615512292e+00
-3.320622592110353377e+00 -9.521241734755144792e-01 -3.713608175717390214e+00
1.887734321055829945e+00 -9.833646946502537789e-01 1.243326338188006419e+00
1.919460663710492065e+00 -3.945139864736994184e+01 6.555651853278465779e+00
-5.191097304648035760e-01 -1.252996719684057902e+00 6.811799350107562434e-01
-1.183017956972012144e+02 -4.158425102176034471e+01 8.568031576238483638e+01
-1.971140588576691499e+00 1.953815760753904840e+00 9.716929580779979370e-01
3.821952420178157950e-01 -2.596293782896682556e-01 8.868592802174781742e-01
1.015470110401015944e+02 1.026743522470059702e+02 4.652545079645859971e+01
-1.455838900373557510e-01 -7.177130174518251415e-01 1.150687349923610769e+00
-6.183347384856122675e-01 -1.126024203840689575e+00 6.636044184865692586e-01
1.539366364999696479e+00 3.660819278586608383e-01 1.584976825703110492e-01
-1.569898646010776000e+00 4.251473494522162166e-01 8.282985465696311028e-03
5.056998185218610775e-01 3.590254876173507359e+00 -3.053067479287213115e-01
-1.549231306006678288e+01 3.719157253032048693e+00 -1.057180503907163782e+01
-1.014364216689133347e+00 -3.150722105337042667e-01 1.112572294102409654e+00
6.943439436644417428e-01 2.215945681134155187e-01 6.846768108232812455e-01
3.911499710717910805e+00 -7.839567970521839513e+00 7.165293745967441730e+00
1.227810904323446906e+01 5.845823020542864512e+00 1.239088062723490857e+01
2.674548617621670399e+00 -6.626546953930777528e-01 6.760625187200867359e+00
-2.634210483229781730e+01 -1.113463518592072354e+01 1.448341595181045882e+01
1.254493521309425432e+02 8.024010501077042079e+01 4.309919759745847756e+01
2.687621482349694002e+00 4.344022113874015645e+01 -1.326396129709022453e+01
2.307884416142188311e+00 6.832678049903776696e+00 -3.069492573608043617e+00
3.930628421790752780e-01 -5.071292491685176484e-01 -7.670212035764610858e-01
5.785701079424425686e-01 4.322821533336482919e-02 -8.144863114838472029e-01
2.305031356372015239e+01 3.625509901838962712e+00 3.128481290808376336e+00
3.581333883855730704e+00 -3.444643192987119740e+00 -5.128750790336545837e-03
4.483301193954333996e+01 -7.813874398512938058e+01 3.945276495430116626e+01
9.043787445309168227e-01 4.247052764544523296e-01 5.993403575730530397e-01
-7.058970401392932636e+00 5.587768629632352990e+00 -6.033922074983273376e+00
-3.884372055671079238e+00 2.370178116470890717e-01 -3.393579289855572778e+00
1.082707471399829480e+00 1.443645950870893646e+00 -5.714533634475857937e-01
2.331118851538021453e+00 -3.950258092466857107e+00 4.204018821236638281e+00
8.232337678507188894e-01 5.303924237626783666e-01 2.024105735515319970e-01
1.145552523593294758e+01 4.157328767785592305e+01 -1.087351617850047170e+01
-1.005417842164565423e+00 9.021253664836828001e-01 4.635501422138949001e-01
1.381015426856440076e+00 -2.532245838087222811e+00 -6.723375410124102780e-01
-1.481817503747018816e-01 -8.772838974590604355e-01 2.227881774219765187e+00
3.589355267604446009e-01 -9.282151750727840600e-01 9.788705937866988560e-02
-7.658091080160573938e-01 4.869307601702870802e-01 -2.651282487199800197e+00
-2.282712486433867080e-02 -3.097434835003059383e+00 4.312235668598606075e+00
-6.053969245384043241e-01 7.153507007765591563e-01 8.484954479196579191e-01
-1.332068786859364584e+00 -3.995714179149458367e+00 3.688547337911026514e+00
-6.959727415036005560e-01 3.058820113825039266e-01 8.700466412828742335e-01
2.022241524237352550e+01 -1.250336692617074732e+02 -9.592123445554797456e+01
7.456107817859151110e-01 1.771385023290822647e-01 1.115692471465519420e+00
1.334261249788070369e+00 2.705920519306422301e-01 -2.775239316872050166e-01
-7.291904636802567508e-01 -3.242050245894469995e-01 6.026378429112531077e-01
1.608323676614607507e+02 1.838406489348725259e+01 -3.134871121540710703e+01
5.517195612454249831e-01 -6.886207281425319460e-01 -4.705390722475710219e-01
-4.284463927173547404e-01 -9.619763399311852536e-01 3.294105170846624575e-01
4.657824920672328339e+00 -5.381934605302988395e+00 -1.253198946867986052e+01
5.955406747665481504e-01 6.906225995698631603e-01 4.148365032986728873e-01
6.700196217304089652e-01 2.117365540056696638e+00 9.191401407865178452e-01
-9.143507015170385666e-01 -1.964140168420512589e-01 9.207198233650132346e-01
5.125118410643469957e+01 -1.154083304633340106e+02 9.168501614119189469e+01
1.004341606942900089e+00 8.131774385013867956e-01 2.381032040177271381e-01
1.101974983566051058e+00 1.449028380574032271e-01 -6.708449859242399116e-01
1.582624331239574689e+00 1.186251083203302858e+00 2.155393161389510759e+00
-9.457603210811993399e-01 -7.179480835812871442e-01 -2.764223724509223823e-01
-8.565231878882131866e+01 1.034806234601554280e+02 -6.520703759546519507e+01
-1.254430966546600246e+00 -1.763255752903674090e+00 -1.962630002526751516e-01
7.601498555619938813e-01 1.234465222138841467e+00 -4.906897692454178367e-02
1.817415125440185353e+00 1.783598379342696272e-01 1.908443302576311229e+00
-4.925618398628666128e+00 -1.477763031710898289e+01 -1.723889845348108807e+01
4.400977016471190328e-01 -1.835347543795258773e-01 9.218880414590826522e-01
1.725078791300377057e-01 1.015369445735549103e+00 -5.349575808092511542e-01
8.975840579651401185e+01 4.448153503017405797e+01 -9.314827021454863143e+01
-6.598410062638733109e+01 1.109450819978328866e+02 -8.961773333027568356e+01
2.350980579780819646e+00 -1.168570784094427495e+00 2.176207543672651568e+00
1.530118251926061657e+00 1.390016561373645931e-01 -9.684735804024189321e-01
1.295094183595661264e+02 4.544286411350236676e+01 -9.850870904558063046e+01
-3.387110804938553432e-01 -7.547722372598073548e-01 -5.617772457233473071e-01
7.257463788057176846e-01 3.863770764557656889e-01 5.692143255750712338e-01
-2.492948937988973546e-01 -1.121465171848821107e-01 -2.030608691465556337e+00
-2.732890187485611744e+00 9.863923685125761676e-01 -1.579039403527777496e+00
7.020216016707651052e-01 5.897419387847681049e-01 3.992118690945904436e-01
1.406611249913484301e+02 -8.329578881956963698e+01 -4.584544120661317379e+01
-3.817276586439890984e+00 2.169868264134745317e+00 4.306557040216288379e-01
9.608161749823408426e-01 3.563483297520423920e-01 -6.117850730883781507e-01
-3.798183718083485871e+01 9.505767292087449860e+00 -1.488096542090248420e+02
1.794341717828565053e-01 -1.742653962566895531e+00 1.829371416161108543e+00
-1.388171727803959365e+00 9.299391777628694955e-01 1.795021055644090424e-01
2.076211594276666794e+00 -2.278537454076622382e+01 -2.471796310125431262e+01
2.446402240182937206e-03 -2.021488148402576512e-01 1.098457192508054181e+00
2.946006793481480202e+00 -3.800028980786386512e+01 -3.565386848648132823e+00
-3.397464539056060495e+00 -5.491919598098742306e+00 -7.771048452696952547e-01
-1.392802842773786551e+02 8.479977249874199874e-01 4.006150616405455622e+01
-5.319057709056035366e-01 -6.615491232531119925e-01 5.286104505213213844e-01
-2.246217488781695470e-01 9.603623316247384967e-01 3.777539975500708858e-01
6.632400649725266328e-01 4.938485010718760559e-01 -5.623399987590246285e-01
6.292797661288941358e-01 1.145516164535273163e+00 -4.924948550833542216e-01
2.517535654795489464e+00 -4.431733042201143391e+00 2.499728967106735311e+00
2.170510941638813251e-01 -2.411222430186338972e+00 -8.797541173364443745e-01
1.192264707121527545e+00 -1.082981792760522977e+00 -1.959777681235364888e+00
2.672190288117615609e+01 1.014334160600641610e+02 -1.124528952415897862e+02
2.896252272436282915e+00 9.822569594905227186e-01 -1.374696259563820799e+00
5.596522358649266282e-01 -1.941957188831781478e+00 3.224600506988038795e+00
1.211982247492022546e+00 -1.068453947697972195e+00 3.814968505184443415e-01
-9.689784913641538155e-01 4.001845790565829120e+00 -5.142995664011152934e-01
-1.038250872561269134e+00 7.619459165480261253e-01 7.517607111663396902e-01
-8.586034326716462939e-01 -1.255148228996260350e-02 6.749103279756185625e-01
-1.025520194350968278e-01 -9.660802975061455466e-01 2.370062068390210164e-01
-1.824428689726536601e-01 1.419730353503021014e+00 1.624676883845831143e-01
-3.301530284779552460e-01 1.165424126205955702e+00 -6.419309046659266160e-01
-2.076975395018024972e+00 2.825571599205433104e-01 8.682223945421420064e-01
6.462655143626844234e-01 -7.253134929556320776e-01 2.371944811373885575e-01
-1.542610827947965113e+01 3.604414320102003799e+00 5.364000641355800347e+00
-3.776245651555172889e-01 -3.613586392590990570e-01 -8.525371672976602699e-01
2.798556956159766074e+00 -2.749497237673374173e+01 -1.719281544565228614e+01
-3.488273842480048792e+00 5.250340616786938197e-01 1.373855763686658449e+01
-7.016453893356794369e-02 5.568878259770823069e-01 1.079619601496351500e+00
2.201087763134375319e-01 6.019268511595665672e-01 -1.130617067415810251e+00
-9.387314580365788697e-01 2.470344061499483157e-01 2.403273847705690025e-01
6.597103689523217684e-02 1.996006201682199777e+00 6.908154157723574995e-01
7.886929090239415130e-01 1.686700474278665096e+00 2.239696646435579197e+00
-7.332738312498311428e-01 -7.607950527660695128e-02 6.756636717191926156e-01
-1.014719106206147536e+01 2.303034966725130861e+00 -2.075709534883698737e+01
2.179229630198989742e+00 -2.358369512938524315e-01 -3.903740121110689021e+00
-1.861025061976471773e-01 -1.247003923080289400e+00 1.056687624592935748e+00
1.586291794057902571e+01 -1.204059113746314225e+01 -7.127864890541815157e-01
-3.858602737887751655e+00 4.244071193757687155e+00 -4.209267210467833031e+00
1.802454051210881925e-01 -9.786711547929923816e-01 -9.856147679943608186e-02
4.349525007371252139e-02 -3.292181008548880516e+00 1.739545046263282213e-01
-6.816523880578309047e-01 -1.611663633192277789e+00 -3.262896652135870990e-01
-4.105900006383387812e-01 6.861459349601829738e-02 9.092347820751167653e-01
-2.138782244569795044e+00 3.781102748887507636e-01 -1.992827108336649777e+00
1.021209823575373488e+00 -9.257204959153458868e-01 1.961815568680861099e-01
4.152264794814193305e-01 -1.064938594233929336e+00 -1.277715102749273468e+00
1.699132034816958736e+00 -4.282877480565064898e-01 2.993001494174072907e-01
-4.294248557637504460e-01 -7.703761467288944287e-01 -6.416714414790828380e-01
1.553306654319737357e+00 -6.944494742883900784e+00 -6.032140879658713928e-01
6.394204787581352356e-01 1.004937138990857459e+00 -7.227483471692953687e-01
8.164250495046641021e+00 3.683979603989555596e+00 2.813969576854075338e+00
1.558774856320652047e+00 9.119823988178347163e-01 -2.282436154454704713e+00
-8.215850702673603223e+01 -2.663095769613762798e+01 1.155691709382861454e+01
-1.238023286317344596e+00 2.440913673445483933e+00 -5.694857003532478590e-01
7.643569793673780088e-01 -3.810516244799339702e+00 1.942057471662654633e+00
-1.046892437772415141e+00 -3.479478473596556709e-01 -4.086848777863587023e-01
2.033680694821111690e+00 2.670225040155527196e+00 -3.697817638629054660e+00
2.822000480105309461e-01 1.411818994208456246e+00 -1.960390182887817856e+00
-1.309884464404970572e+01 -2.219969145719349157e+01 -3.136037990253882857e+00
3.084566118213619146e-01 8.293245476433881436e-01 -6.470230665210812138e-01
8.324784817263976677e+00 -2.569397845479426401e+00 -2.240879485542367711e+00
-4.973639501822006426e-01 7.309656380834467226e-01 -1.170443459746046244e+00
-7.123124074407920503e-01 1.051471353488382388e+00 1.524534431445478733e+00
6.618820763853260347e-01 -5.728835543392243324e-01 8.059759861064060837e-01
-3.979486983323814453e-01 8.960615353557958018e-01 -5.395361514391924240e-01
7.324589026733869801e-01 3.914961206598218113e-01 -5.569872021894292091e-01
4.694781357654463916e-01 -1.541468975331254931e+00 -5.361750634739873567e-01
